#1001
-0.730522
-0.022431
-0.999084
0.920591
-0.105075
0.665822
0.590503
-0.853633
0.363018
-0.561815
0.903623
0.835566
-0.148778
-0.017975
0.219520
0.128025
0.007111
0.152379
-0.420942
-0.918149
0.114597
0.723746
-0.218848
0.934202
0.560900
-0.761467
-0.913999
-0.758904
0.666799
0.766472
0.188208
-0.790948
-0.056978
0.385785
0.021516
0.530015
0.834407
-0.799493
0.958373
0.032807
0.014924
0.705069
0.966308
-0.535874
0.296670
-0.691763
-0.715873
0.710196
0.213477
-0.168737
-0.820063
-0.227515
-0.656301
-0.210120
0.353679
-0.189856
0.433699
-0.725517
0.546556
0.561083
0.383953
0.240577
0.920530
0.454451
-0.838252
0.021516
0.769402
0.727226
0.701895
0.876827
0.124363
-0.143101
0.857784
0.387616
-0.183081
-0.376507
0.466231
0.512925
-0.438887
-0.887570
0.588305
0.117954
-0.382183
-0.027985
-0.012482
0.787835
0.603503
-0.763726
-0.090304
0.739128
-0.993896
-0.971801
0.225806
0.641285
0.970824
-0.547288
0.000458
0.160802
-0.083224
-0.004914
0.548814
-0.959288
0.549852
-0.265603
0.044221
-0.472579
0.830989
-0.312845
-0.260659
-0.042146
0.464949
-0.408734
0.862606
0.319498
-0.528916
0.444624
0.253456
-0.405072
-0.601856
-0.890316
-0.202063
-0.294900
0.746574
0.297403
-0.271950
-0.138462
-0.840144
0.241676
0.846248
0.142003
-0.051241
-0.620960
-0.261208
0.101108
-0.491134
0.343547
0.039705
-0.771477
-0.803644
0.591113
-0.192175
-0.932615
0.222694
-0.034639
0.079806
-0.194494
-0.869015
0.516953
0.661611
-0.848750
0.418073
0.889828
0.220130
0.307901
-0.137913
0.585803
0.738884
0.857051
-0.878903
0.421308
-0.601123
-0.634022
-0.837519
0.487045
-0.051790
-0.470992
-0.912290
-0.074984
0.622059
0.657399
-0.086276
-0.166051
0.676077
0.328349
-0.126194
-0.383892
0.595935
0.008209
0.801141
0.078158
0.044465
-0.540757
0.155675
-0.401471
0.610218
0.745048
0.259438
0.673330
-0.581164
-0.354228
-0.699759
-0.845820
0.670583
-0.703970
-0.332011
-0.510605
-0.834223
-0.141759
0.185461
0.282144
0.881527
-0.957091
-0.204138
-0.523301
0.661061
-0.710013
-0.729484
-0.512619
0.079379
0.422224
0.497543
-0.420026
-0.452925
-0.416242
-0.083712
-0.179662
-0.285195
-0.723075
-0.342143
-0.097812
0.241127
-0.691702
0.955626
-0.834590
0.986022
-0.541795
-0.612476
-0.880917
-0.307230
0.684988
0.513413
0.780511
-0.778985
-0.323222
-0.531541
0.142918
0.392071
0.564257
-0.922788
0.085604
-0.488937
0.604602
0.048921
0.036470
0.626942
-0.347697
-0.182470
-0.297708
-0.406964
0.226295
-0.410932
0.177221
-0.008637
-0.012299
0.157933
0.742729
-0.017609
-0.559252
0.056001
0.671621
0.143040
0.667837
0.595508
0.348369
-0.644154
-0.087069
-0.630665
-0.981445
0.811090
-0.174718
0.771111
-0.520554
-0.815485
0.175024
-0.903684
-0.975707
-0.945921
0.854793
0.789666
0.953856
-0.383526
-0.021699
-0.602710
-0.034272
-0.232276
0.889645
-0.209387
-0.263955
0.609424
0.894650
-0.779229
0.004669
-0.557299
-0.472030
-0.231788
-0.523484
0.313883
-0.832209
-0.250893
-0.147679
-0.827570
-0.190039
0.641591
-0.699576
0.705741
0.815607
-0.906552
0.682791
0.911069
-0.556383
0.575243
0.846919
0.469161
0.980834
0.239296
0.297403
0.980895
0.281960
-0.450606
-0.441939
-0.870663
-0.466903
0.241737
-0.461165
0.830683
0.049287
0.180456
0.218116
0.435408
0.920530
0.670705
0.955077
-0.956908
0.317667
-0.209265
0.742302
0.993103
0.270974
-0.693716
-0.286660
0.592822
0.733879
-0.270547
0.215979
0.147740
-0.255959
-0.915708
0.764580
-0.646107
-0.504562
-0.057344
-0.816157
-0.883175
-0.867916
0.291177
0.256935
-0.141881
0.077731
0.793634
0.188940
-0.626759
0.712455
0.009552
-0.799677
0.302469
0.210181
0.133213
0.561449
0.277566
0.348308
0.813593
-0.619678
0.806940
-0.897214
-0.379986
-0.541978
-0.038789
0.840754
0.714103
-0.478011
0.922544
0.923093
0.291116
-0.848994
-0.540880
-0.469894
0.354045
-0.295572
0.388897
0.522202
-0.618335
0.567186
0.092746
0.147679
-0.546251
0.024323
-0.857723
-0.588244
0.395917
-0.923399
0.102573
0.917173
0.506394
-0.489731
0.573412
-0.009552
0.427168
0.532640
0.531236
0.906186
-0.277200
-0.712943
0.034761
0.020356
0.728080
-0.440291
0.355937
0.627918
-0.772393
-0.010834
0.599231
-0.646352
0.531053
0.093478
0.871822
0.892758
0.503769
-0.574633
0.067171
0.909360
0.118564
0.169347
-0.675832
-0.090304
-0.911802
0.492477
-0.775323
-0.100742
-0.856563
0.961608
-0.208228
0.638050
0.517319
-0.660573
-0.648671
-0.694571
0.199316
0.072420
-0.680593
0.388836
-0.478195
-0.218360
0.977844
-0.393963
-0.359416
-0.928831
-0.699393
0.676565
0.472518
-0.035371
-0.106174
0.752129
-0.346965
-0.716666
0.110752
-0.679495
-0.924680
-0.721549
0.405927
0.394208
-0.425825
-0.170568
0.989624
0.796686
-0.683279
-0.478500
-0.154576
0.358928
0.463241
-0.085726
-0.825739
0.838862
-0.340983
0.314737
0.326029
-0.624622
0.921812
-0.634022
0.282144
-0.709403
0.485580
0.765679
-0.248329
0.051973
0.164037
-0.574999
-0.056734
-0.793207
0.796319
-0.617542
0.074557
0.102634
0.336894
-0.216773
0.683645
0.204749
0.152867
0.237953
0.802667
-0.176244
0.090548
-0.127049
0.057833
0.066317
-0.125950
-0.616199
-0.242409
-0.179601
-0.601428
0.406110
0.031648
0.589099
-0.519150
-0.485580
-0.917295
0.983215
-0.371502
-0.836848
-0.384869
-0.311869
0.392254
0.881100
0.500656
0.714591
0.861873
-0.967711
0.745537
-0.252419
0.869991
0.456160
-0.178930
-0.594409
0.464583
0.298440
-0.580370
0.222083
0.214270
-0.653188
0.698843
-0.837642
0.907407
-0.817805
0.076937
0.488266
0.208899
0.459456
-0.358684
0.782647
0.836116
0.629200
-0.767571
0.946715
-0.183264
0.413556
0.266701
0.982482
-0.608264
-0.651296
0.359355
0.372967
-0.875301
-0.294168
0.811518
-0.127537
-0.218848
-0.896603
0.022004
-0.480514
0.539537
-0.875851
0.888424
0.684866
0.097140
0.247597
-0.741569
0.967345
-0.767327
0.411847
-0.505722
-0.250404
-0.611255
-0.483139
0.213538
-0.773003
0.835932
-0.818537
0.267678
0.721122
0.981689
0.066988
0.021699
-0.908994
0.386395
0.079257
-0.003082
-0.945067
-0.951476
-0.237098
-0.060457
0.234596
0.522263
0.198767
0.377728
0.734123
0.429243
-0.282083
-0.271096
0.067598
0.927732
0.745109
-0.978942
-0.754143
-0.298929
-0.917417
-0.710562
0.836360
-0.971679
0.949095
-0.288797
0.808161
-0.500656
0.084018
-0.458358
0.974609
-0.063265
0.231300
-0.086947
-0.153905
0.087558
-0.685415
0.559618
0.705557
-0.352763
0.616016
-0.469588
0.718863
0.177587
-0.728568
0.953734
-0.106723
-0.518113
-0.604785
0.913633
-0.304178
-0.999939
0.145238
0.503586
0.144261
-0.214759
0.043001
0.117222
-0.816645
-0.374981
-0.140782
0.040742
-0.841121
0.869991
-0.620838
-0.591968
0.201514
-0.468490
0.358562
0.581774
-0.666616
-0.788080
0.983825
-0.977172
-0.889767
0.428632
0.148900
-0.289346
0.610767
0.895871
0.860836
0.176244
0.586230
-0.674612
-0.913938
-0.788202
-0.417158
0.310160
-0.647694
-0.681753
0.849361
0.851253
-0.585315
-0.046846
0.841792
0.092807
-0.697317
-0.357463
-0.860775
0.826228
-0.942747
0.018281
0.581469
0.326151
0.472579
-0.156224
-0.558092
-0.918699
-0.846492
0.090060
0.449019
0.982421
0.202857
0.125828
0.466414
-0.470992
-0.150914
0.082797
-0.353191
-0.380779
0.328776
-0.540635
-0.129124
-0.516770
0.334880
-0.974670
-0.716605
0.324503
0.344157
0.089633
0.739860
0.229896
-0.864009
0.193884
0.975585
-0.087802
0.815241
-0.705557
0.310221
0.847102
0.650990
-0.505173
-0.300333
-0.632801
-0.955138
0.391888
0.948180
-0.724540
-0.059542
-0.902707
0.893246
0.541002
0.986511
0.998047
-0.624500
0.638722
-0.233314
0.316446
-0.193518
0.096835
-0.591723
0.535020
0.146336
0.813471
-0.117710
-0.254250
-0.895871
0.705008
0.307230
0.988647
-0.626331
-0.750237
0.569506
0.640248
0.716605
-0.511887
-0.427046
0.916196
0.705863
-0.958129
0.429121
-0.451033
-0.058260
-0.283364
-0.097812
0.704337
-0.446883
0.247841
0.419660
0.198096
-0.203589
-0.246010
-0.037568
-0.923215
-0.435591
0.460067
0.146214
0.623646
-0.381878
-0.748100
-0.193640
0.852596
-0.646413
0.625965
0.399884
-0.445906
-0.083651
0.595752
0.535630
-0.046846
-0.523789
0.117771
-0.053560
0.043611
-0.525559
-0.400189
0.214942
-0.339335
-0.343791
-0.946776
0.565722
0.354350
0.700858
-0.547227
0.036348
0.125706
0.262001
-0.134312
0.340373
0.089633
-0.769219
-0.087191
0.733207
-0.874874
0.033601
0.124424
-0.804804
-0.423200
-0.222022
-0.247047
-0.756157
0.069735
0.058748
0.605152
0.686209
0.499680
0.236061
0.456526
-0.373516
-0.737846
-0.000336
0.610157
0.039338
-0.218299
0.030061
-0.837703
0.222388
0.404828
0.569811
0.538499
0.439863
0.718619
0.718131
0.860042
-0.929563
0.357524
0.259926
-0.293374
-0.428632
-0.638844
0.843013
-0.164708
-0.428755
0.145238
0.315043
-0.581408
0.404828
0.148228
-0.966369
0.365459
0.400922
-0.783685
-0.039033
-0.713858
0.237526
0.789361
-0.643239
0.664541
-0.324808
0.949828
-0.119236
0.799371
-0.017731
0.397626
0.918393
0.078463
-0.636280
-0.586596
-0.058809
0.146580
-0.293496
0.872494
-0.284707
-0.469222
-0.046113
-0.628346
-0.830500
0.285195
0.421125
-0.467330
0.736869
-0.782281
-0.635060
-0.456893
-0.019929
0.261574
0.119724
0.998840
0.316263
-0.446577
0.112156
-0.891293
0.650502
-0.218482
0.067721
0.326457
0.732536
-0.634571
0.720817
-0.530747
0.048677
-0.969420
-0.658742
-0.611377
-0.938597
-0.660146
-0.609851
-0.746696
0.609058
-0.255593
-0.383648
0.508957
0.277749
0.716910
-0.092318
0.575182
-0.440657
-0.471053
0.207923
-0.655812
0.606372
-0.764092
-0.186926
0.542344
0.397076
-0.569201
-0.641163
-0.982788
-0.876156
0.330851
0.812189
0.013703
0.616016
0.757683
-0.220985
-0.500107
-0.389569
-0.424482
-0.558763
-0.392865
-0.317179
-0.851619
0.434553
0.245521
0.651051
0.379131
-0.019135
0.957396
-0.736198
-0.106479
0.586657
0.072054
-0.012787
0.931211
-0.379864
-0.776299
-0.298929
0.505600
0.080660
0.294839
-0.881649
0.397015
-0.129307
0.848079
0.739433
0.539232
-0.114597
-0.890866