#1001
-0.997497
0.127171
-0.613392
0.617481
0.170019
-0.040254
-0.299417
0.791925
0.645680
0.493210
-0.651784
0.717887
0.421003
0.027070
-0.392010
-0.970031
-0.817194
-0.271096
-0.705374
-0.668203
0.977050
-0.108615
-0.761834
-0.990661
-0.982177
-0.244240
0.063326
0.142369
0.203528
0.214332
-0.667531
0.326090
-0.098422
-0.295755
-0.885922
0.215369
0.566637
0.605213
0.039766
-0.396100
0.751945
0.453352
0.911801
0.851436
0.078707
-0.715323
-0.075839
-0.529344
0.724479
-0.580798
0.559313
0.687307
0.993591
0.999390
0.222999
-0.215125
-0.467574
-0.405438
0.680288
-0.952513
-0.248268
-0.814753
0.354411
-0.887570
-0.982421
0.837580
-0.448225
-0.454207
0.175817
0.382366
0.675222
0.452986
-0.030122
-0.589282
0.487472
-0.063082
-0.084078
0.898312
0.488876
-0.783441
0.198096
-0.229530
0.470016
0.217933
0.144810
-0.277322
-0.696890
-0.549791
-0.149693
0.605762
0.034211
0.979980
0.503098
-0.308878
-0.662038
0.314615
-0.016205
-0.872921
0.399518
0.009613
-0.705008
0.899167
-0.716849
0.810236
0.385785
-0.393902
-0.146886
-0.859249
0.933226
0.366375
-0.693533
0.754509
0.643361
0.164098
-0.617298
-0.644215
0.634388
-0.049470
-0.688894
0.007843
0.464034
-0.188818
-0.440840
0.137486
0.364483
0.511704
0.443831
-0.049409
-0.753960
-0.264382
0.669362
-0.929807
0.034028
0.325968
-0.147557
-0.790643
0.898679
0.842769
0.099094
-0.308023
-0.056551
-0.250038
0.693960
-0.366253
-0.087802
-0.456221
0.965941
-0.404401
0.478378
0.134556
-0.608020
0.522629
0.678884
-0.204688
0.001801
0.780328
-0.945067
0.989257
0.145177
-0.898984
0.062654
-0.611866
0.686087
0.253517
0.315226
-0.604297
0.684317
-0.753349
-0.780145
0.486251
-0.371868
0.882138
-0.427839
-0.327372
-0.719474
0.466170
0.669240
0.415998
0.200476
0.494430
-0.494552
-0.711051
-0.996765
-0.877987
0.612476
0.705252
-0.578845
-0.768792
0.106418
-0.971496
-0.772454
-0.090976
0.504440
0.372295
0.086886
-0.852229
-0.126560
-0.596118
0.392437
-0.419294
-0.126621
-0.535142
0.155736
0.065157
0.257363
-0.679617
0.008271
0.926084
0.391522
0.849605
-0.620106
-0.328104
-0.643300
0.990356
-0.085116
0.996033
-0.804987
0.250343
-0.811212
-0.124546
0.863033
-0.903134
0.789239
-0.419965
-0.545396
0.538133
-0.178564
-0.596057
0.256142
0.208289
-0.096774
-0.067293
0.195654
0.269448
0.709586
0.657582
0.249550
0.441816
0.131504
-0.249733
-0.631459
0.475814
0.110263
0.810175
-0.514267
-0.622120
0.209449
0.397015
0.169225
-0.297403
-0.011078
-0.839229
0.481490
0.224097
0.240761
0.382244
0.609058
-0.701773
0.152074
0.735466
0.823115
0.229408
0.455367
-0.913572
0.335551
0.953063
-0.369976
0.138401
-0.388348
-0.652150
-0.782891
0.738090
0.702445
0.488632
-0.690237
-0.346171
-0.841304
-0.846797
0.281960
0.640004
0.090182
-0.103488
-0.182043
-0.402509
-0.068880
0.002411
-0.694693
-0.353923
0.475997
-0.372234
0.653371
0.918149
0.746696
0.450056
-0.399884
0.887997
-0.745537
-0.868526
0.569933
0.049165
0.219275
0.912229
-0.855464
0.751274
0.307718
-0.355754
-0.790399
0.010102
-0.545824
-0.419416
0.839961
0.102329
0.325602
-0.770928
-0.014924
-0.241737
-0.006378
0.586718
0.018525
-0.235267
0.376324
0.064302
0.212561
-0.209632
-0.988220
0.415754
-0.798761
0.246132
0.726493
-0.016999
0.494675
-0.006195
-0.239784
0.570727
0.105625
-0.285806
0.911435
0.261696
-0.646840
-0.251503
-0.736747
0.486557
0.903439
0.223975
-0.944334
-0.340312
-0.888180
0.278420
-0.736747
0.694144
0.728629
0.193762
0.443281
0.707938
-0.970641
-0.747063
0.415815
0.234291
-0.564867
-0.868099
-0.662160
0.248207
-0.318033
-0.361187
-0.264870
0.322001
0.604785
0.613758
0.053072
0.222205
0.596362
0.801202
-0.710379
0.260353
-0.195166
-0.492599
-0.726920
0.710379
-0.867672
-0.144383
0.146703
-0.395428
0.096103
-0.548875
-0.377300
-0.778741
0.616077
-0.730583
-0.431501
0.576220
0.790460
0.579272
0.487594
0.230445
-0.277749
0.713309
-0.543016
0.727165
-0.541124
-0.500900
0.084811
0.969665
-0.892392
-0.837153
0.049348
-0.146397
-0.810663
-0.482406
0.783074
-0.534471
-0.706900
-0.749809
0.863277
-0.839778
-0.905820
-0.882565
-0.327189
0.829401
-0.202796
-0.134434
0.892331
0.674368
0.068453
0.684194
0.387066
-0.204627
-0.481674
-0.991333
0.051180
0.909604
-0.202612
-0.517808
0.171117
-0.489731
0.368023
0.890561
-0.129002
0.780450
-0.985656
0.881954
0.203101
0.572314
0.153355
-0.715140
-0.555345
-0.233985
-0.991455
-0.164159
-0.835505
0.319865
0.710196
-0.870296
0.622120
0.324137
0.382977
0.605396
0.060274
0.371258
-0.714469
0.379009
0.455794
0.555467
-0.937864
0.737358
0.289041
0.413129
-0.829096
0.103977
0.895810
-0.882443
-0.450056
-0.709647
0.963561
0.239967
-0.415510
0.844966
-0.264931
0.389081
-0.562731
-0.688162
-0.518906
0.042879
0.804559
-0.787164
0.805292
-0.116550
-0.839778
0.564196
-0.656423
0.948790
0.551744
0.740776
-0.578722
-0.086764
-0.992492
0.501266
-0.771905
-0.190588
-0.377728
0.985229
-0.922849
-0.495834
-0.621448
-0.504624
-0.692984
0.240638
0.770745
0.878170
-0.608692
0.559313
0.291116
0.313517
0.818293
-0.089084
0.842586
0.328349
-0.698477
0.272683
0.139073
-0.155919
0.886044
0.081149
0.157140
0.072909
-0.489425
-0.206092
-0.299478
-0.926756
0.590503
-0.606983
-0.859432
-0.221168
0.181494
-0.858150
-0.604663
-0.688223
0.288675
-0.091342
0.208594
0.394696
-0.117405
0.368938
-0.206946
0.671438
0.184423
-0.600818
0.898923
0.752007
-0.216590
0.974914
-0.629383
0.791437
0.148900
-0.115879
0.254677
0.417035
-0.900754
-0.428877
-0.479598
-0.184729
0.790643
0.420393
0.456893
0.792108
-0.212867
-0.205176
0.807733
-0.382794
-0.223792
0.141148
-0.292886
0.467391
0.490707
0.472762
0.478866
-0.721366
-0.599658
-0.454817
0.360881
0.822260
-0.264321
0.035310
-0.781243
0.814875
-0.593860
0.035920
0.309671
-0.122959
0.375286
-0.819147
-0.840876
-0.848445
-0.944395
-0.289834
-0.385540
0.394574
-0.714652
-0.210303
-0.864315
0.351482
0.449873
-0.602588
0.388043
0.231422
0.309793
0.087985
-0.803400
0.090732
-0.900754
0.949156
-0.071932
0.939940
0.455733
0.061922
0.359844
0.385601
-0.255776
-0.222755
-0.900082
0.619556
-0.660878
-0.878353
-0.378887
0.568957
-0.575060
-0.356182
-0.030671
-0.981689
-0.120273
0.015717
0.211890
0.517075
-0.197851
-0.300394
0.685293
0.884640
0.246620
0.994568
-0.893063
0.125706
0.727103
-0.226478
-0.387188
-0.431562
-0.946593
0.225135
-0.217627
-0.962767
-0.937925
-0.088595
0.715873
0.873531
-0.196203
0.454573
0.223182
0.616749
0.750847
0.165197
0.190039
-0.841975
0.586352
-0.075594
0.181249
0.178869
0.138401
0.632130
0.345500
-0.312845
-0.979553
-0.465377
-0.316874
-0.535813
0.542039
-0.256508
0.739738
-0.766289
0.451155
0.257851
0.787896
-0.633961
0.071139
0.804010
0.560167
0.930418
-0.605274
0.803095
0.594836
0.906796
0.697623
0.780694
0.257424
-0.629078
0.233863
-0.470016
-0.498703
0.464400
0.576220
-0.658132
0.427778
-0.038118
-0.837031
0.613086
0.710685
-0.750725
-0.385052
0.146641
-0.054048
0.524094
-0.616260
0.455550
0.990051
-0.969298
0.295267
0.383282
-0.651723
-0.855770
-0.450056
0.353252
0.677847
0.113315
-0.257546
0.559008
-0.534959
0.276467
-0.536668
-0.590808
0.942076
-0.436506
-0.954222
0.538438
-0.696341
-0.906064
-0.981506
-0.302835
0.287759
-0.313517
-0.170873
-0.166967
-0.818659
0.090365
0.398541
-0.324015
0.315043
0.752495
0.070956
0.140049
-0.892026
-0.068453
-0.480026
-0.146397
0.726676
-0.026826
-0.825129
0.131626
0.418805
0.556932
0.728446
0.701102
-0.413984
0.728752
0.289834
0.493698
0.657277
0.531236
0.743828
0.816645
0.825068
0.043916
-0.119663
-0.784722
-0.291971
0.646107
-0.144566
-0.660329
-0.998291
0.314921
0.547105
-0.872555
-0.820368
-0.228675
0.367779
0.615223
-0.691824
-0.714286
-0.903073
-0.307718
-0.962889
0.956847
0.295267
-0.892697
0.828303
0.274941
-0.136570
-0.957884
-0.514817
-0.216102
0.308023
0.563768
-0.954344
0.652089
-0.723136
0.268532
0.100803
0.966979
-0.073153
-0.570421
-0.398602
0.564318
-0.314920
-0.038789
0.216040
-0.794977
0.968871
0.511643
-0.698233
-0.087191
0.423261
0.997497
0.551012
0.283303
0.242409
0.892209
0.376324
-0.420392
0.134312
-0.419233
0.096469
0.424726
-0.507126
0.093356
-0.014740
0.904111
0.339640
0.530320
0.246742
-0.108493
0.597522
0.491073
0.977844
-0.590747
0.258950
0.819636
0.182592
0.836787
0.011078
-0.021210
-0.100558
0.778680
0.880795
-0.634144
-0.496078
-0.593982
0.460982
0.882260
0.250160
-0.917295
0.282693
-0.930967
0.112705
0.088961
-0.107334
-0.877255
0.992065
-0.744499
0.201819
-0.899289
-0.654408
0.320475
-0.335124
-0.368084
0.307169
-0.178930
-0.144993
-0.556749
0.357036
-0.667104
-0.004914
0.015290
0.605457
-0.129856
-0.990966
-0.321024
-0.248207
-0.742851
0.654653
0.466597
0.782281
0.286660
0.301187
0.028962
0.467940
0.474349
0.914182
-0.068331
-0.273476
-0.775628
0.809320
0.642445
-0.090426
-0.782647
0.738884
0.522752
-0.921751
-0.166662
0.872249
-0.864498
-0.670278
-0.577441
-0.766167
0.182226
-0.763298
0.236549
0.160192
0.380596
0.463118
0.831294
0.339457
-0.402997
0.617725
-0.243629
0.994995
0.545030
-0.591174
-0.658864
-0.223487
-0.637562
0.161962
-0.608753
0.920286
-0.619495
-0.236549
-0.392010
-0.758354
-0.603687
-0.907529
0.542344
0.522080
0.762078
-0.996460
-0.102756
-0.147252
0.603076
-0.077303
-0.010285
0.498764
-0.522996
0.118809
-0.814508
0.844050
0.787652
0.714042
-0.880734
-0.018220
0.264077
0.494430
0.512131
-0.488510
0.819819
0.583972
-0.600757
0.105686
-0.897519
0.044343
0.580737
0.408307
-0.951903
0.463485
0.106723
0.828425
0.751091
0.593860
-0.389141
-0.210120
-0.036225
-0.894833
0.303934
-0.998291
0.537156
0.512375
-0.560533
-0.690481
-0.884945
0.341227
-0.934629
-0.308267
0.395733
0.596301
-0.127476
0.963439
0.271096
-0.409406
-0.046052
0.748711
-0.841426
-0.798028
-0.713553
-0.713981
0.835994
-0.382550
-0.252358
0.627674