#1001
0.880062
0.314982
0.054048
0.848506
0.999817
0.234413
0.588855
0.978332
-0.432356
-0.822260
-0.741142
0.143651
-0.482040
0.069918
-0.893002
0.763848
-0.051057
-0.453230
-0.566637
0.314249
-0.693350
0.653920
0.950255
0.112522
0.275918
0.423749
0.299417
0.014985
0.940733
0.644398
0.996277
-0.163732
-0.223487
-0.867489
0.861324
-0.696829
-0.962645
-0.177526
-0.997009
-0.643117
0.099826
0.983947
0.413739
0.615223
-0.673635
-0.118198
-0.758660
-0.192846
0.011261
-0.810846
0.799371
-0.006745
0.970397
-0.532640
-0.622303
-0.617298
-0.661794
-0.975768
-0.083163
0.561693
0.134983
-0.535386
0.607410
0.943480
0.164953
0.243934
0.478500
0.253883
0.809687
0.538682
-0.963256
-0.134922
-0.721732
-0.254311
0.018281
-0.211585
0.877377
0.923032
0.316630
0.140904
-0.137364
0.484054
0.149327
0.895993
-0.564684
0.458968
-0.475326
0.733024
0.445479
0.634388
-0.927915
0.795709
-0.634938
0.884640
0.298379
0.174230
-0.907407
-0.992981
-0.668142
0.921812
-0.847041
0.373699
-0.782098
-0.580615
0.853572
0.711600
0.826899
-0.099826
-0.039521
0.324870
-0.561144
0.947081
0.456648
-0.929502
-0.934202
0.775017
-0.055757
0.400739
-0.424970
0.111057
0.254494
-0.216224
0.675832
0.485031
-0.173315
-0.183203
-0.168554
0.741997
-0.580554
-0.657704
0.160253
-0.409406
-0.283670
0.880795
-0.613269
0.998840
0.388653
-0.307474
-0.093478
0.249794
-0.822260
0.781243
-0.973571
-0.529588
0.559374
-0.849727
-0.556200
0.445174
0.552354
-0.372967
-0.974487
-0.472823
-0.765496
-0.435286
-0.048860
0.460311
-0.471786
0.736442
0.281350
-0.077303
-0.182226
-0.267373
0.014802
-0.393536
0.961058
-0.824396
0.696158
-0.355144
-0.741020
-0.937803
0.636525
-0.801019
-0.056246
0.548448
0.810419
-0.981994
0.749443
-0.512497
-0.509079
-0.216102
0.127232
0.035005
0.685232
-0.945860
-0.332804
-0.367901
0.433760
0.614612
-0.709525
-0.319071
0.035188
-0.945433
0.772454
-0.776605
0.259438
-0.621876
0.161168
-0.063509
-0.388592
0.461531
0.652638
-0.243385
0.708792
0.172216
0.485519
-0.554674
-0.165868
0.959532
-0.582018
-0.591174
-0.272927
-0.268777
0.349101
-0.916013
0.675588
0.827204
-0.353130
0.203162
-0.028230
-0.096591
0.746696
0.250587
0.792840
-0.461287
0.580798
-0.577441
0.570299
0.376751
-0.597034
-0.595935
-0.089572
0.615345
-0.430036
-0.725761
0.127659
-0.343852
-0.157384
0.853328
0.453658
0.727103
0.768670
0.803461
0.984863
0.289590
-0.289407
-0.204016
0.430830
-0.955992
-0.919797
0.057649
0.725883
0.344829
0.342692
-0.392132
-0.433699
0.838374
-0.647267
0.500534
0.936155
-0.864009
-0.414472
-0.618397
0.683523
-0.664724
0.824152
-0.323832
-0.789850
-0.799799
-0.132908
-0.283792
0.337382
-0.184790
0.817560
0.123020
0.409223
0.523850
-0.483016
0.755547
0.697440
-0.035066
-0.313456
0.537889
-0.830927
-0.980590
-0.663259
0.477950
0.680471
0.479354
-0.989380
-0.809809
-0.341655
-0.747856
0.420209
-0.765130
0.333415
-0.087130
-0.959532
-0.414106
0.585620
-0.583850
-0.776543
0.540330
0.466231
-0.218848
-0.606861
0.381634
-0.542344
0.561510
-0.114109
0.109531
-0.465499
-0.087313
0.997558
-0.451399
0.087252
0.070345
-0.200232
-0.851680
-0.227577
0.050142
-0.710624
0.786981
-0.649342
-0.616199
0.430891
-0.108005
0.575610
-0.297891
0.657155
0.189489
-0.804071
-0.021638
-0.611133
-0.605518
-0.866329
0.244545
0.136814
-0.844050
-0.099643
-0.407575
-0.252480
-0.432539
0.313639
-0.727470
0.357402
-0.442854
0.578356
0.703055
0.614978
-0.530808
-0.208106
-0.798395
-0.263771
-0.851314
0.939329
-0.747856
0.954100
-0.156224
0.437788
0.119480
-0.075533
-0.764580
0.295511
-0.376446
0.652821
-0.089816
-0.054231
0.887509
0.501938
0.585315
-0.180334
-0.130833
0.844539
0.401349
-0.281045
0.492233
0.922910
-0.406720
0.053072
-0.814386
-0.521897
0.853145
-0.998840
-0.352886
-0.288858
0.695975
-0.336955
-0.358989
0.138646
-0.856685
0.260292
0.644032
0.905515
-0.965209
-0.548875
0.151219
0.117283
-0.718925
-0.179113
-0.545457
-0.245277
-0.628895
-0.389325
0.706656
-0.267983
-0.554430
-0.253029
0.081942
-0.336711
-0.750664
0.234535
0.848689
0.897580
0.275185
0.974914
-0.837458
0.386517
0.411481
-0.926817
0.396405
0.946043
-0.593493
-0.303934
0.817194
-0.524338
0.461226
0.542405
0.422956
-0.303079
0.263710
0.990051
-0.247108
0.973815
0.777764
-0.019074
0.482223
-0.222266
-0.902829
-0.293191
0.614612
-0.639699
0.680044
-0.841548
0.085238
0.194128
0.272988
0.600269
-0.413739
0.747063
-0.159215
-0.966491
0.427168
-0.849849
-0.188574
-0.289590
0.243019
-0.676931
0.950560
-0.238990
0.363201
0.118747
-0.823237
0.996582
-0.347819
-0.949828
0.631703
-0.049654
0.635853
-0.838130
-0.684378
0.220069
0.725272
0.608203
0.602649
-0.827082
0.350932
-0.498947
0.946654
0.076998
0.819208
-0.409772
-0.908261
-0.279763
-0.295694
-0.662526
-0.901120
0.581103
0.588000
-0.051851
0.501450
-0.388470
0.958800
0.922300
-0.098300
0.696585
-0.915464
0.687613
-0.677786
0.851619
-0.329997
0.877133
-0.377056
-0.779229
-0.888180
-0.186315
0.297037
0.938658
0.163732
-0.235756
-0.041292
0.917356
0.824641
-0.474105
0.834773
-0.377789
-0.738273
0.906919
-0.427900
-0.101535
-0.418805
0.663869
-0.325175
0.910764
0.258950
0.459639
-0.117771
0.258400
0.044587
0.402142
-0.199011
0.329569
-0.850337
0.728629
-0.896542
-0.044465
0.534471
-0.804010
-0.394635
-0.571337
-0.895810
0.741935
0.534410
-0.054109
-0.371502
0.976501
0.302774
-0.459395
-0.804498
0.069796
-0.903256
0.565416
-0.986023
0.595752
-0.405622
0.788080
-0.624439
-0.104709
0.124851
-0.836970
0.589465
0.522446
-0.417890
0.341838
-0.297769
-0.666066
0.404279
0.983520
-0.183996
0.786920
0.932615
-0.071261
-0.184484
-0.995178
-0.538865
-0.700064
-0.680776
0.176733
-0.708853
0.589282
0.664357
-0.149815
-0.898923
0.797235
0.740532
0.681753
-0.053987
0.685354
0.483016
-0.793695
-0.801691
0.203955
0.838740
-0.810541
0.742302
-0.841609
-0.982360
0.123447
-0.265175
0.176122
-0.158361
0.430647
-0.754143
0.036958
0.003204
-0.063631
-0.910886
0.429304
0.047639
-0.825983
0.157872
0.194433
-0.110569
0.084506
0.575854
0.121738
0.677236
-0.327677
0.978393
0.357097
0.817988
-0.817743
-0.765984
-0.512864
0.974609
0.357036
-0.079440
-0.638173
-0.151585
-0.660268
0.867061
0.717582
-0.440901
-0.216102
0.074984
-0.336100
0.435285
-0.267678
-0.668996
0.095981
0.027131
-0.171667
-0.176733
0.094821
0.154515
-0.578478
0.074190
-0.620777
0.803095
0.130589
-0.497604
-0.129917
0.679800
-0.574755
-0.074190
0.431013
-0.758415
-0.208899
0.318766
-0.152928
0.009308
0.037935
-0.864559
-0.895627
-0.021271
0.315958
-0.487716
-0.967223
0.942381
-0.599048
-0.338176
0.374737
-0.466475
-0.188147
-0.229713
0.341838
-0.194311
-0.677175
-0.288125
0.722648
-0.840388
0.431929
0.891659
-0.396222
-0.569689
0.349773
0.530015
-0.233497
-0.053011
-0.929624
-0.298990
-0.178320
0.377972
0.085788
-0.563036
-0.854366
0.173254
-0.691458
0.212561
0.679312
0.417524
0.763115
-0.880917
0.652882
0.905332
0.609668
0.044343
-0.700919
0.251747
0.062288
-0.832881
-0.382794
-0.149083
0.764336
-0.917844
0.250099
-0.506088
-0.817133
-0.134556
-0.462874
-0.539659
-0.414106
0.393902
0.805780
0.894223
0.163488
0.231178
-0.036958
-0.722160
-0.144139
-0.606983
-0.548509
0.816279
0.452010
0.303079
-0.370037
0.543260
-0.481124
-0.746696
-0.357036
-0.036164
0.726310
-0.319315
0.840876
-0.956664
-0.871761
0.572558
0.813410
0.357341
-0.035859
0.313578
-0.901181
0.213782
0.541429
-0.713431
0.631703
0.560533
-0.236427
-0.460067
-0.009491
0.490402
0.864803
0.833552
0.510117
-0.843379
-0.086459
-0.623768
-0.681692
0.910825
-0.350444
0.567675
0.362224
0.475570
-0.786187
0.055757
0.483871
0.966002
-0.663198
0.423749
0.610584
0.569933
-0.454451
-0.181921
-0.879940
0.701956
0.952879
-0.169225
-0.555528
-0.558214
-0.808649
0.947813
0.974731
-0.929014
-0.945677
0.876339
-0.671865
-0.480697
-0.593982
0.063692
-0.957396
0.533799
-0.076022
-0.279763
0.758049
0.383282
0.236305
0.658132
-0.050996
-0.089694
-0.984619
0.259316
-0.729057
-0.256508
-0.408307
-0.114597
-0.418256
-0.518113
-0.351054
0.040620
-0.298196
0.665578
-0.435530
-0.398358
-0.025300
0.342570
0.956481
0.426191
-0.308573
-0.952696
0.000153
-0.346904
-0.559923
0.000641
-0.923032
-0.993469
0.444319
-0.654469
-0.682363
-0.584155
-0.048311
0.230384
-0.397931
0.265297
0.736564
0.552293
0.579699
-0.415571
-0.222633
-0.826655
-0.729240
0.492843
0.173559
0.421674
0.813166
0.211035
-0.637928
-0.309732
0.915281
0.950438
-0.302042
-0.053804
-0.420698
0.994568
0.460433
-0.037751
-0.343974
-0.715629
-0.652821
0.083651
0.794244
-0.180151
0.519761
0.342631
0.347270
-0.809809
-0.738334
0.733268
-0.201025
-0.453597
0.312906
0.458418
0.271950
0.326457
-0.057711
-0.037385
-0.320048
-0.952147
0.820917
0.561876
-0.912473
0.478805
-0.241554
-0.515976
0.839290
0.500595
-0.634266
-0.868099
0.020905
-0.025727
-0.294473
0.381207
-0.184973
0.923215
0.993530
0.726127
0.313944
0.345195
-0.586718
-0.914426
-0.648366
-0.034700
-0.893246
0.081698
0.918638
-0.756768
0.403119
-0.396710
-0.279885
-0.053316
-0.652272
0.467574
-0.557543
-0.396405
0.595996
-0.008637
-0.711661
0.146336
0.730949
0.285623
0.343974
-0.941038
0.070589
-0.915586
0.341472
-0.658315
0.025788
-0.077731
0.377606
-0.396405
0.070772
-0.528794
0.152318
0.597339
-0.610034
0.850398
-0.710685
-0.492721
-0.736686
0.721244
-0.698721
0.304422
-0.748283
0.980224
-0.238136
-0.520310
-0.753716
0.861324
-0.752739
-0.530564
0.443037
0.261635
0.610157
-0.915952
-0.693899
0.102023
-0.852535
-0.746513
-0.418073
0.535203
-0.773736
-0.598437
0.425947
0.814386
-0.072054
0.761467
-0.294107
-0.366008
-0.724784
-0.054659
0.543199
-0.243690
-0.396283
-0.919492
0.154454
-0.264992
-0.360027
-0.175756
-0.942564
0.549425
-0.150548
-0.430097
-0.298196
-0.039094
0.616749
-0.842708
0.588366
0.405194
-0.180517
0.399457
0.939757
-0.768670
-0.639576